                                       2     1245489       25318468
 Sample Problem Input Deck                                                      
ntal     2
    2    4
tally    2    1    0
f        1
      8
d        1
u        0
s        0
m        0
c        0
et      15
  1.00000E+00  2.00000E+00  3.00000E+00  4.00000E+00  5.00000E+00  6.00000E+00
  7.00000E+00  8.00000E+00  9.00000E+00  1.00000E+01  1.10000E+01  1.20000E+01
  1.30000E+01  1.40000E+01
t        0
vals
  2.29187E-03 0.0217  2.00071E-03 0.0216  1.23645E-03 0.0239  6.81841E-04 0.0287
  3.67841E-04 0.0545  1.76976E-04 0.0610  8.82115E-05 0.0957  4.23280E-05 0.1150
  2.71388E-05 0.2508  1.03079E-05 0.2202  5.72358E-06 0.3311  3.60409E-06 0.3707
  6.90203E-07 0.7072  4.55660E-07 1.0000  6.93414E-03 0.0115
tfc   20       1       1       1       1       1       1      15       1
      64000  0.00000E+00  0.00000E+00
     128000  0.00000E+00  0.00000E+00
     192000  0.00000E+00  0.00000E+00
     256000  4.39701E-03  9.48246E-02
     320000  2.31334E-03  9.62927E-02
     384000  4.39142E-03  3.88652E-02
     448000  7.72789E-03  2.59617E-02
     512000  1.09642E-02  1.77346E-02
     576000  1.02531E-02  1.66653E-02
     640000  9.35249E-03  1.59719E-02
     704000  8.51123E-03  1.58554E-02
     768000  7.88010E-03  1.56267E-02
     832000  7.11814E-03  1.55413E-02
     896000  6.71944E-03  1.53354E-02
     960000  6.96100E-03  1.41119E-02
    1024000  7.36865E-03  1.27861E-02
    1088000  7.43904E-03  1.20618E-02
    1152000  7.17612E-03  1.19833E-02
    1216000  7.07440E-03  1.15653E-02
    1245489  6.93414E-03  1.15045E-02
tally    4    1    0
f        1
      2
d        1
u        0
s        0
m        0
c        0
et      15
  1.00000E+00  2.00000E+00  3.00000E+00  4.00000E+00  5.00000E+00  6.00000E+00
  7.00000E+00  8.00000E+00  9.00000E+00  1.00000E+01  1.10000E+01  1.20000E+01
  1.30000E+01  1.40000E+01
t        0
vals
  3.59072E-03 0.0174  3.20237E-03 0.0179  1.99475E-03 0.0225  1.13797E-03 0.0293
  5.70359E-04 0.0413  2.91494E-04 0.0582  1.26898E-04 0.0844  7.28124E-05 0.1180
  3.31802E-05 0.1706  1.54744E-05 0.2389  8.47290E-06 0.3744  5.37750E-06 0.4513
  1.61662E-06 0.9440  5.77751E-07 1.0000  1.10521E-02 0.0098
tfc   20       1       1       1       1       1       1      15       1
      64000  0.00000E+00  0.00000E+00
     128000  0.00000E+00  0.00000E+00
     192000  0.00000E+00  0.00000E+00
     256000  8.23486E-03  1.03470E-01
     320000  3.51873E-03  6.22836E-02
     384000  7.08304E-03  3.24942E-02
     448000  1.18266E-02  2.08370E-02
     512000  1.75201E-02  1.49673E-02
     576000  1.61882E-02  1.40267E-02
     640000  1.47024E-02  1.34940E-02
     704000  1.32298E-02  1.32072E-02
     768000  1.22599E-02  1.28761E-02
     832000  1.10639E-02  1.28241E-02
     896000  1.04708E-02  1.25213E-02
     960000  1.09355E-02  1.16738E-02
    1024000  1.17993E-02  1.07732E-02
    1088000  1.19220E-02  1.03057E-02
    1152000  1.14510E-02  1.01452E-02
    1216000  1.12803E-02  9.87539E-03
    1245489  1.10521E-02  9.83144E-03
kcode  250   50   19
 8.69967E-02 8.69967E-02 8.45087E-02 5.83459E-01 5.83459E-01
 0.00000E+00 0.00000E+00 0.00000E+00 0.00000E+00 0.00000E+00
 0.00000E+00 0.00000E+00 0.00000E+00 6.52452E-02 9.34880E-05
 0.00000E+00 0.00000E+00 5.00000E+03 0.00000E+00
 6.89971E-02 6.89971E-02 7.27715E-02 4.51186E-01 4.51186E-01
 0.00000E+00 0.00000E+00 0.00000E+00 0.00000E+00 0.00000E+00
 0.00000E+00 0.00000E+00 0.00000E+00 6.51633E-02 5.24347E-05
 0.00000E+00 0.00000E+00 4.10000E+02 0.00000E+00
 6.74623E-02 6.74623E-02 6.66427E-02 4.72618E-01 4.72618E-01
 0.00000E+00 0.00000E+00 0.00000E+00 0.00000E+00 0.00000E+00
 0.00000E+00 0.00000E+00 0.00000E+00 6.51351E-02 4.25893E-05
 0.00000E+00 0.00000E+00 3.96500E+03 0.00000E+00
 6.53471E-02 6.53471E-02 6.63364E-02 4.76846E-01 4.76846E-01
 0.00000E+00 0.00000E+00 0.00000E+00 0.00000E+00 0.00000E+00
 0.00000E+00 0.00000E+00 0.00000E+00 6.51290E-02 4.23262E-05
 0.00000E+00 0.00000E+00 4.89700E+03 0.00000E+00
 6.58345E-02 6.58345E-02 6.53646E-02 4.81439E-01 4.81439E-01
 0.00000E+00 0.00000E+00 0.00000E+00 0.00000E+00 0.00000E+00
 0.00000E+00 0.00000E+00 0.00000E+00 6.51241E-02 4.22021E-05
 0.00000E+00 0.00000E+00 4.83900E+03 0.00000E+00
 6.53144E-02 6.53144E-02 6.50236E-02 4.60980E-01 4.60980E-01
 0.00000E+00 0.00000E+00 0.00000E+00 0.00000E+00 0.00000E+00
 0.00000E+00 0.00000E+00 0.00000E+00 6.51231E-02 4.23660E-05
 0.00000E+00 0.00000E+00 5.03500E+03 0.00000E+00
 6.15597E-02 6.15597E-02 6.51528E-02 4.69167E-01 4.69167E-01
 0.00000E+00 0.00000E+00 0.00000E+00 0.00000E+00 0.00000E+00
 0.00000E+00 0.00000E+00 0.00000E+00 6.51235E-02 4.25396E-05
 0.00000E+00 0.00000E+00 4.94400E+03 0.00000E+00
 6.55400E-02 6.55400E-02 6.51076E-02 4.67721E-01 4.67721E-01
 0.00000E+00 0.00000E+00 0.00000E+00 0.00000E+00 0.00000E+00
 0.00000E+00 0.00000E+00 0.00000E+00 6.51233E-02 4.27023E-05
 0.00000E+00 0.00000E+00 4.70000E+03 0.00000E+00
 6.36982E-02 6.36982E-02 6.59627E-02 4.83812E-01 4.83812E-01
 0.00000E+00 0.00000E+00 0.00000E+00 0.00000E+00 0.00000E+00
 0.00000E+00 0.00000E+00 0.00000E+00 6.51234E-02 4.28811E-05
 0.00000E+00 0.00000E+00 5.32600E+03 0.00000E+00
 6.76298E-02 6.76298E-02 6.58790E-02 4.76068E-01 4.76068E-01
 0.00000E+00 0.00000E+00 0.00000E+00 0.00000E+00 0.00000E+00
 0.00000E+00 0.00000E+00 0.00000E+00 6.51199E-02 4.29007E-05
 0.00000E+00 0.00000E+00 4.85100E+03 0.00000E+00
 6.38311E-02 6.38311E-02 6.52889E-02 4.68717E-01 4.68717E-01
 0.00000E+00 0.00000E+00 0.00000E+00 0.00000E+00 0.00000E+00
 0.00000E+00 0.00000E+00 0.00000E+00 6.51167E-02 4.29744E-05
 0.00000E+00 0.00000E+00 5.29300E+03 0.00000E+00
 6.43037E-02 6.43037E-02 6.50856E-02 5.18507E-01 5.18507E-01
 0.00000E+00 0.00000E+00 0.00000E+00 0.00000E+00 0.00000E+00
 0.00000E+00 0.00000E+00 0.00000E+00 6.51160E-02 4.31430E-05
 0.00000E+00 0.00000E+00 4.70700E+03 0.00000E+00
 6.45154E-02 6.45154E-02 6.52380E-02 4.52703E-01 4.52703E-01
 0.00000E+00 0.00000E+00 0.00000E+00 0.00000E+00 0.00000E+00
 0.00000E+00 0.00000E+00 0.00000E+00 6.51161E-02 4.33226E-05
 0.00000E+00 0.00000E+00 5.03900E+03 0.00000E+00
 6.50218E-02 6.50218E-02 6.47001E-02 4.62594E-01 4.62594E-01
 0.00000E+00 0.00000E+00 0.00000E+00 0.00000E+00 0.00000E+00
 0.00000E+00 0.00000E+00 0.00000E+00 6.51155E-02 4.35005E-05
 0.00000E+00 0.00000E+00 5.01000E+03 0.00000E+00
 6.46193E-02 6.46193E-02 6.53080E-02 4.85092E-01 4.85092E-01
 0.00000E+00 0.00000E+00 0.00000E+00 0.00000E+00 0.00000E+00
 0.00000E+00 0.00000E+00 0.00000E+00 6.51173E-02 4.36502E-05
 0.00000E+00 0.00000E+00 5.02900E+03 0.00000E+00
 6.71595E-02 6.71595E-02 6.51125E-02 4.49777E-01 4.49777E-01
 0.00000E+00 0.00000E+00 0.00000E+00 0.00000E+00 0.00000E+00
 0.00000E+00 0.00000E+00 0.00000E+00 6.51165E-02 4.38265E-05
 0.00000E+00 0.00000E+00 4.97900E+03 0.00000E+00
 6.46916E-02 6.46916E-02 6.56386E-02 4.86427E-01 4.86427E-01
 0.00000E+00 0.00000E+00 0.00000E+00 0.00000E+00 0.00000E+00
 0.00000E+00 0.00000E+00 0.00000E+00 6.51166E-02 4.40216E-05
 0.00000E+00 0.00000E+00 5.18300E+03 0.00000E+00
 6.94395E-02 6.94395E-02 6.54394E-02 4.57037E-01 4.57037E-01
 0.00000E+00 0.00000E+00 0.00000E+00 0.00000E+00 0.00000E+00
 0.00000E+00 0.00000E+00 0.00000E+00 6.51143E-02 4.41483E-05
 0.00000E+00 0.00000E+00 4.80700E+03 0.00000E+00
 6.41643E-02 6.41643E-02 6.55034E-02 4.63459E-01 4.63459E-01
 0.00000E+00 0.00000E+00 0.00000E+00 0.00000E+00 0.00000E+00
 0.00000E+00 0.00000E+00 0.00000E+00 6.51130E-02 4.43382E-05
 0.00000E+00 0.00000E+00 5.35900E+03 0.00000E+00
 6.82318E-02 6.82318E-02 6.63425E-02 4.87837E-01 4.87837E-01
 0.00000E+00 0.00000E+00 0.00000E+00 0.00000E+00 0.00000E+00
 0.00000E+00 0.00000E+00 0.00000E+00 6.51113E-02 4.44910E-05
 0.00000E+00 0.00000E+00 4.62200E+03 0.00000E+00
 6.69553E-02 6.69553E-02 6.53988E-02 4.74486E-01 4.74486E-01
 0.00000E+00 0.00000E+00 0.00000E+00 0.00000E+00 0.00000E+00
 0.00000E+00 0.00000E+00 0.00000E+00 6.51058E-02 4.43765E-05
 0.00000E+00 0.00000E+00 5.31100E+03 0.00000E+00
 6.76108E-02 6.76108E-02 6.50595E-02 4.81716E-01 4.81716E-01
 0.00000E+00 0.00000E+00 0.00000E+00 0.00000E+00 0.00000E+00
 0.00000E+00 0.00000E+00 0.00000E+00 6.51046E-02 4.45613E-05
 0.00000E+00 0.00000E+00 4.92300E+03 0.00000E+00
 6.30351E-02 6.30351E-02 6.51630E-02 4.78911E-01 4.78911E-01
 0.00000E+00 0.00000E+00 0.00000E+00 0.00000E+00 0.00000E+00
 0.00000E+00 0.00000E+00 0.00000E+00 6.51049E-02 4.47690E-05
 0.00000E+00 0.00000E+00 5.05300E+03 0.00000E+00
 7.19397E-02 7.19397E-02 6.60797E-02 4.41131E-01 4.41131E-01
 0.00000E+00 0.00000E+00 0.00000E+00 0.00000E+00 0.00000E+00
 0.00000E+00 0.00000E+00 0.00000E+00 6.51046E-02 4.49564E-05
 0.00000E+00 0.00000E+00 4.65300E+03 0.00000E+00
 6.59712E-02 6.59712E-02 6.47084E-02 4.68221E-01 4.68221E-01
 0.00000E+00 0.00000E+00 0.00000E+00 0.00000E+00 0.00000E+00
 0.00000E+00 0.00000E+00 0.00000E+00 6.50998E-02 4.49962E-05
 0.00000E+00 0.00000E+00 5.70600E+03 0.00000E+00
 6.84982E-02 6.84982E-02 6.46696E-02 4.53597E-01 4.53597E-01
 0.00000E+00 0.00000E+00 0.00000E+00 0.00000E+00 0.00000E+00
 0.00000E+00 0.00000E+00 0.00000E+00 6.51017E-02 4.51695E-05
 0.00000E+00 0.00000E+00 4.57200E+03 0.00000E+00
 6.43344E-02 6.43344E-02 6.50268E-02 5.03774E-01 5.03774E-01
 0.00000E+00 0.00000E+00 0.00000E+00 0.00000E+00 0.00000E+00
 0.00000E+00 0.00000E+00 0.00000E+00 6.51039E-02 4.53508E-05
 0.00000E+00 0.00000E+00 5.19900E+03 0.00000E+00
 6.80439E-02 6.80439E-02 6.50372E-02 4.82438E-01 4.82438E-01
 0.00000E+00 0.00000E+00 0.00000E+00 0.00000E+00 0.00000E+00
 0.00000E+00 0.00000E+00 0.00000E+00 6.51043E-02 4.55501E-05
 0.00000E+00 0.00000E+00 4.68100E+03 0.00000E+00
 6.17225E-02 6.17225E-02 6.49538E-02 4.74403E-01 4.74403E-01
 0.00000E+00 0.00000E+00 0.00000E+00 0.00000E+00 0.00000E+00
 0.00000E+00 0.00000E+00 0.00000E+00 6.51047E-02 4.57763E-05
 0.00000E+00 0.00000E+00 5.26600E+03 0.00000E+00
 6.41392E-02 6.41392E-02 6.55452E-02 4.83655E-01 4.83655E-01
 0.00000E+00 0.00000E+00 0.00000E+00 0.00000E+00 0.00000E+00
 0.00000E+00 0.00000E+00 0.00000E+00 6.51052E-02 4.59605E-05
 0.00000E+00 0.00000E+00 4.51600E+03 0.00000E+00
 6.11424E-02 6.11424E-02 6.53075E-02 4.72130E-01 4.72130E-01
 0.00000E+00 0.00000E+00 0.00000E+00 0.00000E+00 0.00000E+00
 0.00000E+00 0.00000E+00 0.00000E+00 6.51033E-02 4.61158E-05
 0.00000E+00 0.00000E+00 5.19400E+03 0.00000E+00
 6.49645E-02 6.49645E-02 6.48227E-02 4.87166E-01 4.87166E-01
 0.00000E+00 0.00000E+00 0.00000E+00 0.00000E+00 0.00000E+00
 0.00000E+00 0.00000E+00 0.00000E+00 6.51023E-02 4.62909E-05
 0.00000E+00 0.00000E+00 4.75700E+03 0.00000E+00
 6.19510E-02 6.19510E-02 6.54760E-02 4.73654E-01 4.73654E-01
 0.00000E+00 0.00000E+00 0.00000E+00 0.00000E+00 0.00000E+00
 0.00000E+00 0.00000E+00 0.00000E+00 6.51036E-02 4.64874E-05
 0.00000E+00 0.00000E+00 5.33700E+03 0.00000E+00
 6.49289E-02 6.49289E-02 6.53746E-02 4.68322E-01 4.68322E-01
 0.00000E+00 0.00000E+00 0.00000E+00 0.00000E+00 0.00000E+00
 0.00000E+00 0.00000E+00 0.00000E+00 6.51019E-02 4.66463E-05
 0.00000E+00 0.00000E+00 4.77000E+03 0.00000E+00
 6.41657E-02 6.41657E-02 6.48620E-02 4.86773E-01 4.86773E-01
 0.00000E+00 0.00000E+00 0.00000E+00 0.00000E+00 0.00000E+00
 0.00000E+00 0.00000E+00 0.00000E+00 6.51006E-02 4.68434E-05
 0.00000E+00 0.00000E+00 5.23300E+03 0.00000E+00
 6.75939E-02 6.75939E-02 6.47412E-02 4.86381E-01 4.86381E-01
 0.00000E+00 0.00000E+00 0.00000E+00 0.00000E+00 0.00000E+00
 0.00000E+00 0.00000E+00 0.00000E+00 6.51017E-02 4.70463E-05
 0.00000E+00 0.00000E+00 4.95400E+03 0.00000E+00
 7.10903E-02 7.10903E-02 6.52289E-02 4.66091E-01 4.66091E-01
 0.00000E+00 0.00000E+00 0.00000E+00 0.00000E+00 0.00000E+00
 0.00000E+00 0.00000E+00 0.00000E+00 6.51037E-02 4.72491E-05
 0.00000E+00 0.00000E+00 5.27800E+03 0.00000E+00
 6.41413E-02 6.41413E-02 6.70052E-02 4.69218E-01 4.69218E-01
 0.00000E+00 0.00000E+00 0.00000E+00 0.00000E+00 0.00000E+00
 0.00000E+00 0.00000E+00 0.00000E+00 6.51033E-02 4.75137E-05
 0.00000E+00 0.00000E+00 5.27100E+03 0.00000E+00
 6.45367E-02 6.45367E-02 6.48680E-02 4.59812E-01 4.59812E-01
 0.00000E+00 0.00000E+00 0.00000E+00 0.00000E+00 0.00000E+00
 0.00000E+00 0.00000E+00 0.00000E+00 6.50949E-02 4.68215E-05
 0.00000E+00 0.00000E+00 4.51500E+03 0.00000E+00
 6.40574E-02 6.40574E-02 6.49336E-02 4.55978E-01 4.55978E-01
 0.00000E+00 0.00000E+00 0.00000E+00 0.00000E+00 0.00000E+00
 0.00000E+00 0.00000E+00 0.00000E+00 6.50960E-02 4.70309E-05
 0.00000E+00 0.00000E+00 5.02100E+03 0.00000E+00
 6.71718E-02 6.71718E-02 6.51621E-02 4.68337E-01 4.68337E-01
 0.00000E+00 0.00000E+00 0.00000E+00 0.00000E+00 0.00000E+00
 0.00000E+00 0.00000E+00 0.00000E+00 6.50967E-02 4.72452E-05
 0.00000E+00 0.00000E+00 4.96700E+03 0.00000E+00
 6.84966E-02 6.84966E-02 6.57541E-02 4.81593E-01 4.81593E-01
 0.00000E+00 0.00000E+00 0.00000E+00 0.00000E+00 0.00000E+00
 0.00000E+00 0.00000E+00 0.00000E+00 6.50965E-02 4.74868E-05
 0.00000E+00 0.00000E+00 5.25900E+03 0.00000E+00
 6.76925E-02 6.76925E-02 6.50570E-02 4.79111E-01 4.79111E-01
 0.00000E+00 0.00000E+00 0.00000E+00 0.00000E+00 0.00000E+00
 0.00000E+00 0.00000E+00 0.00000E+00 6.50932E-02 4.76422E-05
 0.00000E+00 0.00000E+00 5.11100E+03 0.00000E+00
 6.75245E-02 6.75245E-02 6.56315E-02 4.65644E-01 4.65644E-01
 0.00000E+00 0.00000E+00 0.00000E+00 0.00000E+00 0.00000E+00
 0.00000E+00 0.00000E+00 0.00000E+00 6.50936E-02 4.78952E-05
 0.00000E+00 0.00000E+00 4.92400E+03 0.00000E+00
 6.32313E-02 6.32313E-02 6.53594E-02 4.81384E-01 4.81384E-01
 0.00000E+00 0.00000E+00 0.00000E+00 0.00000E+00 0.00000E+00
 0.00000E+00 0.00000E+00 0.00000E+00 6.50909E-02 4.80799E-05
 0.00000E+00 0.00000E+00 4.97900E+03 0.00000E+00
 6.74672E-02 6.74672E-02 6.58771E-02 4.58099E-01 4.58099E-01
 0.00000E+00 0.00000E+00 0.00000E+00 0.00000E+00 0.00000E+00
 0.00000E+00 0.00000E+00 0.00000E+00 6.50895E-02 4.82772E-05
 0.00000E+00 0.00000E+00 4.66300E+03 0.00000E+00
 6.55287E-02 6.55287E-02 6.65178E-02 4.65108E-01 4.65108E-01
 0.00000E+00 0.00000E+00 0.00000E+00 0.00000E+00 0.00000E+00
 0.00000E+00 0.00000E+00 0.00000E+00 6.50855E-02 4.83798E-05
 0.00000E+00 0.00000E+00 5.32700E+03 0.00000E+00
 6.70532E-02 6.70532E-02 6.56165E-02 4.82844E-01 4.82844E-01
 0.00000E+00 0.00000E+00 0.00000E+00 0.00000E+00 0.00000E+00
 0.00000E+00 0.00000E+00 0.00000E+00 6.50786E-02 4.80769E-05
 0.00000E+00 0.00000E+00 4.86200E+03 0.00000E+00
 6.19565E-02 6.19565E-02 6.44780E-02 4.54886E-01 4.54886E-01
 0.00000E+00 0.00000E+00 0.00000E+00 0.00000E+00 0.00000E+00
 0.00000E+00 0.00000E+00 0.00000E+00 6.50759E-02 4.82594E-05
 0.00000E+00 0.00000E+00 5.12100E+03 0.00000E+00
 6.47331E-02 6.47331E-02 6.41153E-02 4.87480E-01 4.87480E-01
 0.00000E+00 0.00000E+00 0.00000E+00 0.00000E+00 0.00000E+00
 0.00000E+00 0.00000E+00 0.00000E+00 6.50785E-02 4.83950E-05
 0.00000E+00 0.00000E+00 4.61900E+03 0.00000E+00
 6.36292E-02 6.36292E-02 6.47089E-02 4.78325E-01 4.78325E-01
 0.00000E+00 0.00000E+00 0.00000E+00 0.00000E+00 0.00000E+00
 0.00000E+00 0.00000E+00 0.00000E+00 6.50835E-02 4.83969E-05
 0.00000E+00 0.00000E+00 5.21200E+03 0.00000E+00
 6.53599E-02 6.53599E-02 6.57301E-02 4.57416E-01 4.57416E-01
 6.44946E-02 8.65382E-04 6.44946E-02 8.65382E-04 6.52195E-02
 5.10577E-04 0.00000E+00 0.00000E+00 6.50852E-02 4.85979E-05
 0.00000E+00 0.00000E+00 4.92100E+03 0.00000E+00
 6.51418E-02 6.51418E-02 6.59728E-02 4.55350E-01 4.55350E-01
 6.47103E-02 5.44221E-04 6.47103E-02 5.44221E-04 6.54706E-02
 3.87240E-04 0.00000E+00 0.00000E+00 6.50820E-02 4.87298E-05
 0.00000E+00 0.00000E+00 5.14000E+03 0.00000E+00
 6.38344E-02 6.38344E-02 6.41897E-02 4.69668E-01 4.69668E-01
 6.44913E-02 4.42765E-04 6.44913E-02 4.42765E-04 6.51504E-02
 4.21338E-04 6.50123E-02 1.21029E-03 6.50775E-02 4.87541E-05
 4.67781E-01 6.69894E-03 4.96900E+03 0.00000E+00
 6.77787E-02 6.77787E-02 6.61157E-02 4.80644E-01 4.80644E-01
 6.51488E-02 7.41559E-04 6.51488E-02 7.41559E-04 6.53434E-02
 3.79198E-04 6.54144E-02 3.95101E-04 6.50820E-02 4.87892E-05
 4.66330E-01 7.43123E-03 4.91100E+03 0.00000E+00
 6.85096E-02 6.85096E-02 6.59600E-02 4.81410E-01 4.81410E-01
 6.57089E-02 8.24834E-04 6.57089E-02 8.24834E-04 6.54462E-02
 3.26221E-04 6.53714E-02 3.15603E-04 6.50764E-02 4.87718E-05
 4.67049E-01 6.96635E-03 5.30100E+03 0.00000E+00
 7.15944E-02 7.15944E-02 6.52910E-02 4.90053E-01 4.90053E-01
 6.65497E-02 1.09219E-03 6.65497E-02 1.09219E-03 6.54240E-02
 2.76597E-04 6.53622E-02 3.26619E-04 6.50715E-02 4.88431E-05
 4.72617E-01 6.98881E-03 5.03900E+03 0.00000E+00
 6.35832E-02 6.35832E-02 6.52752E-02 4.54536E-01 4.54536E-01
 6.61789E-02 1.01596E-03 6.61789E-02 1.01596E-03 6.54054E-02
 2.40261E-04 6.53632E-02 2.65602E-04 6.50704E-02 4.91648E-05
 4.69094E-01 6.42802E-03 5.22200E+03 0.00000E+00
 6.36968E-02 6.36968E-02 6.47756E-02 4.54665E-01 4.54665E-01
 6.59031E-02 9.37476E-04 6.59031E-02 9.37476E-04 6.53354E-02
 2.23148E-04 6.52950E-02 2.35843E-04 6.50693E-02 4.93922E-05
 4.67426E-01 6.30213E-03 4.43500E+03 0.00000E+00
 6.15099E-02 6.15099E-02 6.49114E-02 4.73746E-01 4.73746E-01
 6.54638E-02 9.46622E-04 6.54638E-02 9.46622E-04 6.52930E-02
 2.04045E-04 6.52796E-02 2.04592E-04 6.50708E-02 4.96185E-05
 4.67772E-01 5.80102E-03 5.02300E+03 0.00000E+00
 6.29139E-02 6.29139E-02 6.46622E-02 4.91652E-01 4.91652E-01
 6.52320E-02 8.87074E-04 6.52320E-02 8.87074E-04 6.52357E-02
 1.93270E-04 6.52360E-02 1.88909E-04 6.50714E-02 4.98427E-05
 4.69269E-01 6.07661E-03 4.83300E+03 0.00000E+00
 6.62582E-02 6.62582E-02 6.46597E-02 4.70099E-01 4.70099E-01
 6.53175E-02 8.14287E-04 6.53175E-02 8.14287E-04 6.51877E-02
 1.82843E-04 6.51778E-02 1.82707E-04 6.50734E-02 5.00458E-05
 4.69654E-01 5.72323E-03 5.09600E+03 0.00000E+00
 6.45736E-02 6.45736E-02 6.57626E-02 4.83589E-01 4.83589E-01
 6.52603E-02 7.51218E-04 6.52603E-02 7.51218E-04 6.52319E-02
 1.73909E-04 6.52301E-02 1.75554E-04 6.50758E-02 5.02805E-05
 4.71632E-01 5.26312E-03 5.26100E+03 0.00000E+00
 6.61253E-02 6.61253E-02 6.54731E-02 4.71339E-01 4.71339E-01
 6.53221E-02 6.98232E-04 6.53221E-02 6.98232E-04 6.52491E-02
 1.61928E-04 6.52443E-02 1.62719E-04 6.50722E-02 5.03997E-05
 4.72076E-01 4.63235E-03 4.87000E+03 0.00000E+00
 6.72566E-02 6.72566E-02 6.50000E-02 4.79067E-01 4.79067E-01
 6.54510E-02 6.62690E-04 6.54510E-02 6.62690E-04 6.52325E-02
 1.51659E-04 6.52202E-02 1.53965E-04 6.50700E-02 5.06344E-05
 4.72682E-01 4.33417E-03 5.12900E+03 0.00000E+00
 6.79515E-02 6.79515E-02 6.48255E-02 4.82722E-01 4.82722E-01
 6.56073E-02 6.39285E-04 6.56073E-02 6.39285E-04 6.52071E-02
 1.44127E-04 6.51917E-02 1.49437E-04 6.50705E-02 5.09353E-05
 4.73363E-01 4.16707E-03 5.08400E+03 0.00000E+00
 6.58501E-02 6.58501E-02 6.48059E-02 4.67717E-01 4.67717E-01
 6.56216E-02 6.00674E-04 6.56216E-02 6.00674E-04 6.51835E-02
 1.37424E-04 6.51680E-02 1.43035E-04 6.50722E-02 5.12344E-05
 4.73285E-01 4.04739E-03 5.05400E+03 0.00000E+00
 6.23077E-02 6.23077E-02 6.30979E-02 4.59432E-01 4.59432E-01
 6.54375E-02 5.95495E-04 6.54375E-02 5.95495E-04 6.50676E-02
 1.73818E-04 6.50446E-02 1.78261E-04 6.50738E-02 5.15089E-05
 4.72203E-01 3.93559E-03 4.85200E+03 0.00000E+00
 6.52034E-02 6.52034E-02 6.50572E-02 4.50997E-01 4.50997E-01
 6.54252E-02 5.63417E-04 6.54252E-02 5.63417E-04 6.50671E-02
 1.64416E-04 6.50448E-02 1.68300E-04 6.50843E-02 5.06069E-05
 4.70814E-01 4.03650E-03 4.74300E+03 0.00000E+00
 6.40875E-02 6.40875E-02 6.49782E-02 4.83659E-01 4.83659E-01
 6.53583E-02 5.38673E-04 6.53583E-02 5.38673E-04 6.50626E-02
 1.56042E-04 6.50442E-02 1.58787E-04 6.50845E-02 5.08915E-05
 4.71241E-01 3.99111E-03 5.21100E+03 0.00000E+00
 6.68381E-02 6.68381E-02 6.57153E-02 4.76503E-01 4.76503E-01
 6.54287E-02 5.17203E-04 6.54287E-02 5.17203E-04 6.50937E-02
 1.51644E-04 6.50711E-02 1.54190E-04 6.50850E-02 5.11633E-05
 4.71533E-01 3.81881E-03 4.92000E+03 0.00000E+00
 5.98372E-02 5.98372E-02 6.52051E-02 4.57777E-01 4.57777E-01
 6.51746E-02 5.54777E-04 6.51746E-02 5.54777E-04 6.50988E-02
 1.44676E-04 6.50953E-02 1.46399E-04 6.50813E-02 5.13460E-05
 4.70401E-01 3.66451E-03 5.21000E+03 0.00000E+00
 6.06508E-02 6.06508E-02 6.51929E-02 4.95266E-01 4.95266E-01
 6.49779E-02 5.65421E-04 6.49779E-02 5.65421E-04 6.51029E-02
 1.38303E-04 6.51074E-02 1.40393E-04 6.50806E-02 5.15700E-05
 4.71409E-01 3.81874E-03 4.46500E+03 0.00000E+00
 5.80846E-02 5.80846E-02 6.51336E-02 4.77495E-01 4.77495E-01
 6.46907E-02 6.12826E-04 6.46907E-02 6.12826E-04 6.51041E-02
 1.32421E-04 6.51149E-02 1.35966E-04 6.50800E-02 5.18094E-05
 4.71725E-01 3.66457E-03 5.06800E+03 0.00000E+00
 6.40861E-02 6.40861E-02 6.49639E-02 4.92278E-01 4.92278E-01
 6.46665E-02 5.88299E-04 6.46665E-02 5.88299E-04 6.50985E-02
 1.27138E-04 6.51099E-02 1.30588E-04 6.50795E-02 5.20377E-05
 4.72582E-01 3.70634E-03 4.78800E+03 0.00000E+00
 6.29846E-02 6.29846E-02 6.52715E-02 4.68676E-01 4.68676E-01
 6.46018E-02 5.68909E-04 6.46018E-02 5.68909E-04 6.51052E-02
 1.22331E-04 6.51174E-02 1.26248E-04 6.50801E-02 5.23254E-05
 4.72483E-01 3.63018E-03 5.51500E+03 0.00000E+00
 6.75020E-02 6.75020E-02 6.50247E-02 4.73521E-01 4.73521E-01
 6.47092E-02 5.57872E-04 6.47092E-02 5.57872E-04 6.51022E-02
 1.17751E-04 6.51109E-02 1.20721E-04 6.50790E-02 5.25937E-05
 4.72505E-01 3.50407E-03 4.92600E+03 0.00000E+00
 5.95411E-02 5.95411E-02 6.48302E-02 4.69870E-01 4.69870E-01
 6.45246E-02 5.68384E-04 6.45246E-02 5.68384E-04 6.50925E-02
 1.13883E-04 6.51070E-02 1.17497E-04 6.50795E-02 5.29236E-05
 4.72327E-01 3.32048E-03 5.35100E+03 0.00000E+00
 6.06783E-02 6.06783E-02 6.36702E-02 4.58687E-01 4.58687E-01
 6.43920E-02 5.64244E-04 6.43920E-02 5.64244E-04 6.50435E-02
 1.20334E-04 6.50692E-02 1.23877E-04 6.50805E-02 5.31735E-05
 4.71820E-01 3.30278E-03 4.44600E+03 0.00000E+00
 6.24523E-02 6.24523E-02 6.43017E-02 4.65913E-01 4.65913E-01
 6.43274E-02 5.48933E-04 6.43274E-02 5.48933E-04 6.50187E-02
 1.18854E-04 6.50484E-02 1.22498E-04 6.50880E-02 5.28236E-05
 4.71453E-01 3.15240E-03 5.08300E+03 0.00000E+00
 6.61317E-02 6.61317E-02 6.47472E-02 4.69492E-01 4.69492E-01
 6.43856E-02 5.34111E-04 6.43856E-02 5.34111E-04 6.50100E-02
 1.15289E-04 6.50349E-02 1.18423E-04 6.50924E-02 5.29192E-05
 4.71378E-01 3.08707E-03 5.14300E+03 0.00000E+00
 6.04843E-02 6.04843E-02 6.45644E-02 4.70718E-01 4.70718E-01
 6.42636E-02 5.31327E-04 6.42636E-02 5.31327E-04 6.49960E-02
 1.12493E-04 6.50283E-02 1.16009E-04 6.50946E-02 5.32050E-05
 4.71327E-01 3.00461E-03 5.29900E+03 0.00000E+00
 6.32582E-02 6.32582E-02 6.48974E-02 4.62959E-01 4.62959E-01
 6.42332E-02 5.15875E-04 6.42332E-02 5.15875E-04 6.49931E-02
 1.09072E-04 6.50267E-02 1.12785E-04 6.50974E-02 5.34019E-05
 4.71738E-01 2.95451E-03 4.56200E+03 0.00000E+00
 6.72661E-02 6.72661E-02 6.48937E-02 4.71331E-01 4.71331E-01
 6.43224E-02 5.08359E-04 6.43224E-02 5.08359E-04 6.49901E-02
 1.05856E-04 6.50178E-02 1.08680E-04 6.50985E-02 5.36996E-05
 4.71742E-01 2.90779E-03 5.22300E+03 0.00000E+00
 6.52174E-02 6.52174E-02 6.55917E-02 4.54320E-01 4.54320E-01
 6.43480E-02 4.94283E-04 6.43480E-02 4.94283E-04 6.50073E-02
 1.04214E-04 6.50351E-02 1.06948E-04 6.50998E-02 5.40280E-05
 4.71093E-01 2.91944E-03 5.30800E+03 0.00000E+00
 6.43852E-02 6.43852E-02 6.52546E-02 4.80927E-01 4.80927E-01
 6.43490E-02 4.80358E-04 6.43490E-02 4.80358E-04 6.50142E-02
 1.01510E-04 6.50421E-02 1.04291E-04 6.50969E-02 5.42715E-05
 4.71627E-01 2.82303E-03 4.83900E+03 0.00000E+00
 6.32375E-02 6.32375E-02 6.48172E-02 4.42355E-01 4.42355E-01
 6.43189E-02 4.68160E-04 6.43189E-02 4.68160E-04 6.50089E-02
 9.88722E-05 6.50381E-02 1.01793E-04 6.50959E-02 5.45900E-05
 4.71797E-01 2.99894E-03 4.93200E+03 0.00000E+00
 6.70543E-02 6.70543E-02 6.52002E-02 4.84495E-01 4.84495E-01
 6.43909E-02 4.61324E-04 6.43909E-02 4.61324E-04 6.50139E-02
 9.63667E-05 6.50408E-02 9.84842E-05 6.50976E-02 5.48896E-05
 4.71714E-01 3.00673E-03 4.89700E+03 0.00000E+00
 6.39799E-02 6.39799E-02 6.53813E-02 4.64030E-01 4.64030E-01
 6.43804E-02 4.49463E-04 6.43804E-02 4.49463E-04 6.50233E-02
 9.43348E-05 6.50504E-02 9.67172E-05 6.50969E-02 5.52407E-05
 4.71721E-01 2.97670E-03 5.33100E+03 0.00000E+00
 6.34841E-02 6.34841E-02 6.45255E-02 4.49276E-01 4.49276E-01
 6.43580E-02 4.38655E-04 6.43580E-02 4.38655E-04 6.50109E-02
 9.27848E-05 6.50388E-02 9.52233E-05 6.50952E-02 5.55476E-05
 4.70567E-01 2.97163E-03 4.76500E+03 0.00000E+00
 6.23262E-02 6.23262E-02 6.46927E-02 4.75556E-01 4.75556E-01
 6.43084E-02 4.30682E-04 6.43084E-02 4.30682E-04 6.50031E-02
 9.08256E-05 6.50339E-02 9.34650E-05 6.50987E-02 5.57744E-05
 4.70811E-01 2.86585E-03 4.97400E+03 0.00000E+00
 6.16096E-02 6.16096E-02 6.38827E-02 4.88797E-01 4.88797E-01
 6.42442E-02 4.25186E-04 6.42442E-02 4.25186E-04 6.49764E-02
 9.25641E-05 6.50133E-02 9.52705E-05 6.51011E-02 5.60533E-05
 4.71339E-01 2.87192E-03 4.91500E+03 0.00000E+00
 6.71486E-02 6.71486E-02 6.51134E-02 4.52937E-01 4.52937E-01
 6.43117E-02 4.20639E-04 6.43117E-02 4.20639E-04 6.49796E-02
 9.04419E-05 6.50132E-02 9.23845E-05 6.51086E-02 5.58527E-05
 4.71476E-01 2.89587E-03 4.94400E+03 0.00000E+00
 6.25843E-02 6.25843E-02 6.50953E-02 4.74721E-01 4.74721E-01
 6.42725E-02 4.12839E-04 6.42725E-02 4.12839E-04 6.49823E-02
 8.84016E-05 6.50170E-02 9.07837E-05 6.51085E-02 5.62227E-05
 4.71624E-01 2.79691E-03 5.45800E+03 0.00000E+00
 6.35635E-02 6.35635E-02 6.58163E-02 4.52784E-01 4.52784E-01
 6.42567E-02 4.03868E-04 6.42567E-02 4.03868E-04 6.50008E-02
 8.83802E-05 6.50336E-02 9.15886E-05 6.51087E-02 5.65715E-05
 4.71416E-01 2.81717E-03 4.66900E+03 0.00000E+00
 6.56998E-02 6.56998E-02 6.47269E-02 4.69659E-01 4.69659E-01
 6.42881E-02 3.96234E-04 6.42881E-02 3.96234E-04 6.49948E-02
 8.66423E-05 6.50245E-02 8.95891E-05 6.51043E-02 5.67449E-05
 4.71414E-01 2.78168E-03 5.06100E+03 0.00000E+00
 6.69647E-02 6.69647E-02 6.50629E-02 4.61062E-01 4.61062E-01
 6.43450E-02 3.91873E-04 6.43450E-02 3.91873E-04 6.49963E-02
 8.47912E-05 6.50234E-02 8.71470E-05 6.51068E-02 5.70673E-05
 4.71137E-01 2.74142E-03 5.14500E+03 0.00000E+00
 5.86261E-02 5.86261E-02 6.53982E-02 4.72704E-01 4.72704E-01
 6.42259E-02 4.01698E-04 6.42259E-02 4.01698E-04 6.50047E-02
 8.34272E-05 6.50278E-02 8.71669E-05 6.51070E-02 5.74526E-05
 4.71198E-01 2.69023E-03 5.10200E+03 0.00000E+00
 6.43179E-02 6.43179E-02 6.37633E-02 4.50047E-01 4.50047E-01
 6.42278E-02 3.93419E-04 6.42278E-02 3.93419E-04 6.49793E-02
 8.55439E-05 6.49978E-02 8.94697E-05 6.51053E-02 5.77728E-05
 4.70722E-01 2.71391E-03 4.38300E+03 0.00000E+00
 6.47209E-02 6.47209E-02 6.34858E-02 4.76029E-01 4.76029E-01
 6.42376E-02 3.85596E-04 6.42376E-02 3.85596E-04 6.49495E-02
 8.89791E-05 6.49606E-02 9.30473E-05 6.51142E-02 5.74621E-05
 4.70881E-01 2.66878E-03 5.49500E+03 0.00000E+00
 6.64104E-02 6.64104E-02 6.48737E-02 4.44942E-01 4.44942E-01
 6.42802E-02 3.80354E-04 6.42802E-02 3.80354E-04 6.49480E-02
 8.72296E-05 6.49579E-02 9.08418E-05 6.51252E-02 5.67989E-05
 4.71013E-01 2.72858E-03 5.04400E+03 0.00000E+00
 6.52298E-02 6.52298E-02 6.51081E-02 4.79177E-01 4.79177E-01
 6.42985E-02 3.73414E-04 6.42985E-02 3.73414E-04 6.49510E-02
 8.55910E-05 6.49610E-02 8.90311E-05 6.51270E-02 5.71627E-05
 4.70918E-01 2.71925E-03 5.12500E+03 0.00000E+00
 6.50517E-02 6.50517E-02 6.49566E-02 4.72652E-01 4.72652E-01
 6.43127E-02 3.66576E-04 6.43127E-02 3.66576E-04 6.49512E-02
 8.39606E-05 6.49609E-02 8.72492E-05 6.51271E-02 5.75522E-05
 4.70989E-01 2.63737E-03 4.89300E+03 0.00000E+00
 6.48040E-02 6.48040E-02 6.44710E-02 4.66714E-01 4.66714E-01
 6.43218E-02 3.59839E-04 6.43218E-02 3.59839E-04 6.49423E-02
 8.28696E-05 6.49509E-02 8.60276E-05 6.51283E-02 5.79351E-05
 4.70913E-01 2.59566E-03 4.97200E+03 0.00000E+00
 6.65944E-02 6.65944E-02 6.48668E-02 4.60005E-01 4.60005E-01
 6.43631E-02 3.55644E-04 6.43631E-02 3.55644E-04 6.49409E-02
 8.13605E-05 6.49485E-02 8.41411E-05 6.51328E-02 5.81579E-05
 4.70673E-01 2.56638E-03 4.98300E+03 0.00000E+00
 6.18662E-02 6.18662E-02 6.56901E-02 4.76747E-01 4.76747E-01
 6.43185E-02 3.52071E-04 6.43185E-02 3.52071E-04 6.49543E-02
 8.10070E-05 6.49581E-02 8.42762E-05 6.51348E-02 5.85405E-05
 4.70836E-01 2.53138E-03 5.14600E+03 0.00000E+00
 6.41547E-02 6.41547E-02 6.50028E-02 4.68198E-01 4.68198E-01
 6.43157E-02 3.45851E-04 6.43157E-02 3.45851E-04 6.49551E-02
 7.95777E-05 6.49590E-02 8.28489E-05 6.51309E-02 5.87900E-05
 4.70792E-01 2.48920E-03 4.64000E+03 0.00000E+00
 6.40012E-02 6.40012E-02 6.48641E-02 4.84243E-01 4.84243E-01
 6.43102E-02 3.39879E-04 6.43102E-02 3.39879E-04 6.49535E-02
 7.82093E-05 6.49575E-02 8.14849E-05 6.51318E-02 5.91944E-05
 4.71291E-01 2.44442E-03 5.17300E+03 0.00000E+00
 6.49312E-02 6.49312E-02 6.55563E-02 4.69062E-01 4.69062E-01
 6.43208E-02 3.34234E-04 6.43208E-02 3.34234E-04 6.49638E-02
 7.75483E-05 6.49677E-02 8.08253E-05 6.51336E-02 5.95821E-05
 4.71265E-01 2.40640E-03 4.97800E+03 0.00000E+00
 6.21533E-02 6.21533E-02 6.52718E-02 4.70793E-01 4.70793E-01
 6.42846E-02 3.30596E-04 6.42846E-02 3.30596E-04 6.49689E-02
 7.64175E-05 6.49716E-02 7.99866E-05 6.51306E-02 5.99273E-05
 4.71280E-01 2.37219E-03 5.06900E+03 0.00000E+00
 6.40545E-02 6.40545E-02 6.57666E-02 4.58745E-01 4.58745E-01
 6.42809E-02 3.25153E-04 6.42809E-02 3.25153E-04 6.49820E-02
 7.62835E-05 6.49832E-02 8.00279E-05 6.51294E-02 6.03386E-05
 4.71058E-01 2.35547E-03 4.80700E+03 0.00000E+00
 6.08045E-02 6.08045E-02 6.46597E-02 4.61081E-01 4.61081E-01
 6.42248E-02 3.24743E-04 6.42248E-02 3.24743E-04 6.49768E-02
 7.52229E-05 6.49801E-02 7.93079E-05 6.51248E-02 6.05879E-05
 4.70713E-01 2.30709E-03 5.16600E+03 0.00000E+00
 6.58841E-02 6.58841E-02 6.61119E-02 4.53270E-01 4.53270E-01
 6.42511E-02 3.20630E-04 6.42511E-02 3.20630E-04 6.49948E-02
 7.61806E-05 6.49992E-02 8.02729E-05 6.51279E-02 6.09482E-05
 4.70823E-01 2.31128E-03 4.76100E+03 0.00000E+00
 6.27555E-02 6.27555E-02 6.49479E-02 4.84705E-01 4.84705E-01
 6.42278E-02 3.16445E-04 6.42278E-02 3.16445E-04 6.49941E-02
 7.49844E-05 6.49987E-02 7.92451E-05 6.51207E-02 6.09641E-05
 4.71286E-01 2.27615E-03 5.42700E+03 0.00000E+00
 6.61480E-02 6.61480E-02 6.56221E-02 4.79629E-01 4.79629E-01
 6.42573E-02 3.12936E-04 6.42573E-02 3.12936E-04 6.50037E-02
 7.44515E-05 6.50098E-02 7.85081E-05 6.51219E-02 6.14087E-05
 4.71463E-01 2.25805E-03 4.75500E+03 0.00000E+00
 6.27050E-02 6.27050E-02 6.49107E-02 4.70966E-01 4.70966E-01
 6.42338E-02 3.09054E-04 6.42338E-02 3.09054E-04 6.50023E-02
 7.33283E-05 6.50088E-02 7.75486E-05 6.51182E-02 6.17540E-05
 4.71479E-01 2.22584E-03 5.27000E+03 0.00000E+00
 6.07751E-02 6.07751E-02 6.54679E-02 4.77065E-01 4.77065E-01
 6.41822E-02 3.08753E-04 6.41822E-02 3.08753E-04 6.50093E-02
 7.25590E-05 6.50122E-02 7.72280E-05 6.51196E-02 6.22076E-05
 4.71269E-01 2.20835E-03 4.75800E+03 0.00000E+00
 6.15652E-02 6.15652E-02 6.44316E-02 4.76716E-01 4.76716E-01
 6.41437E-02 3.06603E-04 6.41437E-02 3.06603E-04 6.50008E-02
 7.19871E-05 6.50063E-02 7.69041E-05 6.51166E-02 6.26344E-05
 4.71294E-01 2.19811E-03 4.82600E+03 0.00000E+00
 6.65848E-02 6.65848E-02 6.54162E-02 4.82280E-01 4.82280E-01
 6.41791E-02 3.04191E-04 6.41791E-02 3.04191E-04 6.50068E-02
 7.11911E-05 6.50138E-02 7.57590E-05 6.51219E-02 6.29291E-05
 4.71545E-01 2.18113E-03 5.06100E+03 0.00000E+00
 6.63196E-02 6.63196E-02 6.54758E-02 4.84526E-01 4.84526E-01
 6.42096E-02 3.01370E-04 6.42096E-02 3.01370E-04 6.50135E-02
 7.04859E-05 6.50218E-02 7.47829E-05 6.51197E-02 6.33655E-05
 4.71814E-01 2.17304E-03 5.41300E+03 0.00000E+00
 6.32177E-02 6.32177E-02 6.46005E-02 4.77699E-01 4.77699E-01
 6.41957E-02 2.97423E-04 6.41957E-02 2.97423E-04 6.50077E-02
 6.97290E-05 6.50165E-02 7.40913E-05 6.51170E-02 6.37922E-05
 4.71855E-01 2.16345E-03 4.97000E+03 0.00000E+00
 7.14666E-02 7.14666E-02 6.57783E-02 4.66232E-01 4.66232E-01
 6.42966E-02 3.10163E-04 6.42966E-02 3.10163E-04 6.50184E-02
 6.95819E-05 6.50335E-02 7.26607E-05 6.51211E-02 6.41774E-05
 4.71838E-01 2.14815E-03 4.77400E+03 0.00000E+00
 7.00528E-02 7.00528E-02 6.61842E-02 4.93375E-01 4.93375E-01
 6.43755E-02 3.15885E-04 6.43755E-02 3.15885E-04 6.50343E-02
 7.04560E-05 6.50549E-02 7.26627E-05 6.51164E-02 6.44461E-05
 4.71445E-01 2.18748E-03 5.64300E+03 0.00000E+00
 6.50781E-02 6.50781E-02 6.44782E-02 4.79362E-01 4.79362E-01
 6.43850E-02 3.11732E-04 6.43850E-02 3.11732E-04 6.50268E-02
 6.99025E-05 6.50459E-02 7.20588E-05 6.51082E-02 6.43726E-05
 4.71255E-01 2.16921E-03 4.91400E+03 0.00000E+00
 6.30731E-02 6.30731E-02 6.51841E-02 4.71107E-01 4.71107E-01
 6.43675E-02 3.08044E-04 6.43675E-02 3.08044E-04 6.50289E-02
 6.89961E-05 6.50481E-02 7.12934E-05 6.51131E-02 6.46908E-05
 4.71227E-01 2.14025E-03 4.63900E+03 0.00000E+00
 7.25203E-02 7.25203E-02 6.64508E-02 4.64882E-01 4.64882E-01
 6.44748E-02 3.22338E-04 6.44748E-02 3.22338E-04 6.50476E-02
 7.06059E-05 6.50733E-02 7.14334E-05 6.51126E-02 6.52166E-05
 4.71198E-01 2.12774E-03 4.83700E+03 0.00000E+00
 6.46812E-02 6.46812E-02 6.52220E-02 4.72839E-01 4.72839E-01
 6.44775E-02 3.18135E-04 6.44775E-02 3.18135E-04 6.50499E-02
 6.97197E-05 6.50755E-02 7.05503E-05 6.51015E-02 6.47322E-05
 4.71220E-01 2.11070E-03 5.73000E+03 0.00000E+00
 6.31167E-02 6.31167E-02 6.44817E-02 4.62144E-01 4.62144E-01
 6.44600E-02 3.14515E-04 6.44600E-02 3.14515E-04 6.50426E-02
 6.92045E-05 6.50692E-02 7.00665E-05 6.51006E-02 6.52560E-05
 4.71282E-01 2.10021E-03 4.42900E+03 0.00000E+00
 6.05516E-02 6.05516E-02 6.41300E-02 4.76636E-01 4.76636E-01
 6.44105E-02 3.14424E-04 6.44105E-02 3.14424E-04 6.50311E-02
 6.92926E-05 6.50621E-02 7.01144E-05 6.51059E-02 6.55789E-05
 4.71382E-01 2.07930E-03 4.87000E+03 0.00000E+00
 6.56485E-02 6.56485E-02 6.48683E-02 4.85461E-01 4.85461E-01
 6.44260E-02 3.10855E-04 6.44260E-02 3.10855E-04 6.50290E-02
 6.84513E-05 6.50588E-02 6.92027E-05 6.51147E-02 6.55460E-05
 4.71790E-01 2.05328E-03 4.82300E+03 0.00000E+00
 6.14678E-02 6.14678E-02 6.45073E-02 4.72010E-01 4.72010E-01
 6.43895E-02 3.09158E-04 6.43895E-02 3.09158E-04 6.50226E-02
 6.79071E-05 6.50550E-02 6.87124E-05 6.51166E-02 6.60664E-05
 4.71804E-01 2.02480E-03 5.43500E+03 0.00000E+00
 6.30941E-02 6.30941E-02 6.50287E-02 4.82721E-01 4.82721E-01
 6.43737E-02 3.05773E-04 6.43737E-02 3.05773E-04 6.50227E-02
 6.70739E-05 6.50557E-02 6.79874E-05 6.51224E-02 6.63837E-05
 4.72106E-01 1.99412E-03 4.66100E+03 0.00000E+00
 6.09563E-02 6.09563E-02 6.56750E-02 4.83664E-01 4.83664E-01
 6.43325E-02 3.04859E-04 6.43325E-02 3.04859E-04 6.50305E-02
 6.67253E-05 6.50617E-02 6.82680E-05 6.51237E-02 6.69523E-05
 4.72178E-01 1.99528E-03 5.13100E+03 0.00000E+00
 6.55278E-02 6.55278E-02 6.59399E-02 4.96746E-01 4.96746E-01
 6.43467E-02 3.01544E-04 6.43467E-02 3.01544E-04 6.50413E-02
 6.68092E-05 6.50727E-02 6.83613E-05 6.51197E-02 6.74733E-05
 4.72249E-01 2.03938E-03 4.82100E+03 0.00000E+00
 6.70436E-02 6.70436E-02 6.61957E-02 4.78539E-01 4.78539E-01
 6.43785E-02 2.99660E-04 6.43785E-02 2.99660E-04 6.50549E-02
 6.74008E-05 6.50875E-02 6.87344E-05 6.51126E-02 6.76958E-05
 4.72311E-01 2.02858E-03 5.36800E+03 0.00000E+00
 6.26277E-02 6.26277E-02 6.43883E-02 4.83108E-01 4.83108E-01
 6.43581E-02 2.96854E-04 6.43581E-02 2.96854E-04 6.50472E-02
 6.70619E-05 6.50812E-02 6.84369E-05 6.51032E-02 6.75834E-05
 4.72486E-01 2.01808E-03 5.11200E+03 0.00000E+00
 6.18832E-02 6.18832E-02 6.55451E-02 4.94716E-01 4.94716E-01
 6.43297E-02 2.94798E-04 6.43297E-02 2.94798E-04 6.50529E-02
 6.65332E-05 6.50862E-02 6.82994E-05 6.51101E-02 6.78690E-05
 4.72320E-01 2.04852E-03 4.65500E+03 0.00000E+00
 6.49930E-02 6.49930E-02 6.52076E-02 4.76134E-01 4.76134E-01
 6.43372E-02 2.91526E-04 6.43372E-02 2.91526E-04 6.50547E-02
 6.57963E-05 6.50877E-02 6.75195E-05 6.51068E-02 6.84676E-05
 4.72349E-01 2.03632E-03 4.94100E+03 0.00000E+00
 6.51202E-02 6.51202E-02 6.39385E-02 4.69202E-01 4.69202E-01
 6.43460E-02 2.88366E-04 6.43460E-02 2.88366E-04 6.50421E-02
 6.62506E-05 6.50714E-02 6.80869E-05 6.51060E-02 6.90844E-05
 4.72331E-01 2.02350E-03 5.24000E+03 0.00000E+00
 6.31036E-02 6.31036E-02 6.45744E-02 4.92001E-01 4.92001E-01
 6.43322E-02 2.85478E-04 6.43322E-02 2.85478E-04 6.50369E-02
 6.57161E-05 6.50670E-02 6.75941E-05 6.51159E-02 6.89085E-05
 4.72619E-01 2.03411E-03 5.01200E+03 0.00000E+00
 6.66635E-02 6.66635E-02 6.39451E-02 4.96008E-01 4.96008E-01
 6.43578E-02 2.83483E-04 6.43578E-02 2.83483E-04 6.50249E-02
 6.60882E-05 6.50486E-02 6.80278E-05 6.51214E-02 6.93658E-05
 4.72123E-01 2.04808E-03 4.85500E+03 0.00000E+00
 6.93950E-02 6.93950E-02 6.64812E-02 4.74354E-01 4.74354E-01
 6.44126E-02 2.85681E-04 6.44126E-02 2.85681E-04 6.50408E-02
 6.72550E-05 6.50680E-02 6.86264E-05 6.51309E-02 6.91840E-05
 4.72107E-01 2.03158E-03 5.27000E+03 0.00000E+00
 6.29010E-02 6.29010E-02 6.47564E-02 4.53514E-01 4.53514E-01
 6.43963E-02 2.83059E-04 6.43963E-02 2.83059E-04 6.50377E-02
 6.65981E-05 6.50658E-02 6.80290E-05 6.51187E-02 6.85072E-05
 4.71796E-01 2.03466E-03 5.21000E+03 0.00000E+00
 6.49661E-02 6.49661E-02 6.52266E-02 4.66115E-01 4.66115E-01
 6.44024E-02 2.80097E-04 6.44024E-02 2.80097E-04 6.50397E-02
 6.59165E-05 6.50678E-02 6.73197E-05 6.51227E-02 6.90724E-05
 4.71703E-01 2.01645E-03 4.53900E+03 0.00000E+00
 6.25412E-02 6.25412E-02 6.44351E-02 4.79457E-01 4.79457E-01
 6.43828E-02 2.77825E-04 6.43828E-02 2.77825E-04 6.50333E-02
 6.55288E-05 6.50627E-02 6.69734E-05 6.51218E-02 6.97296E-05
 4.71745E-01 2.00768E-03 5.18000E+03 0.00000E+00
 6.30341E-02 6.30341E-02 6.55311E-02 4.83813E-01 4.83813E-01
 6.43687E-02 2.75274E-04 6.43687E-02 2.75274E-04 6.50385E-02
 6.50495E-05 6.50676E-02 6.67009E-05 6.51292E-02 7.00702E-05
 4.71926E-01 1.99684E-03 4.81700E+03 0.00000E+00
 6.54838E-02 6.54838E-02 6.44066E-02 4.60061E-01 4.60061E-01
 6.43802E-02 2.72664E-04 6.43802E-02 2.72664E-04 6.50320E-02
 6.47042E-05 6.50590E-02 6.63323E-05 6.51258E-02 7.07333E-05
 4.71833E-01 1.99441E-03 5.03300E+03 0.00000E+00
 6.53690E-02 6.53690E-02 6.50453E-02 4.74597E-01 4.74597E-01
 6.43903E-02 2.70056E-04 6.43903E-02 2.70056E-04 6.50321E-02
 6.40407E-05 6.50587E-02 6.56031E-05 6.51323E-02 7.10799E-05
 4.71844E-01 1.98325E-03 5.21000E+03 0.00000E+00
 6.55958E-02 6.55958E-02 6.51087E-02 4.76694E-01 4.76694E-01
 6.44025E-02 2.67592E-04 6.44025E-02 2.67592E-04 6.50329E-02
 6.33952E-05 6.50590E-02 6.48787E-05 6.51330E-02 7.17744E-05
 4.71965E-01 1.94978E-03 4.98100E+03 0.00000E+00
 6.34820E-02 6.34820E-02 6.65022E-02 4.81598E-01 4.81598E-01
 6.43933E-02 2.65062E-04 6.43933E-02 2.65062E-04 6.50476E-02
 6.44550E-05 6.50707E-02 6.63900E-05 6.51332E-02 7.24835E-05
 4.72011E-01 1.94422E-03 5.01400E+03 0.00000E+00
 6.58076E-02 6.58076E-02 6.43715E-02 4.91950E-01 4.91950E-01
 6.44073E-02 2.62798E-04 6.44073E-02 2.62798E-04 6.50409E-02
 6.41638E-05 6.50617E-02 6.60454E-05 6.51188E-02 7.20904E-05
 4.72285E-01 1.95123E-03 4.83300E+03 0.00000E+00
 6.14639E-02 6.14639E-02 6.56949E-02 4.68817E-01 4.68817E-01
 6.43784E-02 2.61804E-04 6.43784E-02 2.61804E-04 6.50473E-02
 6.38543E-05 6.50663E-02 6.60599E-05 6.51258E-02 7.24157E-05
 4.72261E-01 1.94087E-03 5.17500E+03 0.00000E+00
 6.22705E-02 6.22705E-02 6.40774E-02 5.14633E-01 5.14633E-01
 6.43580E-02 2.60056E-04 6.43580E-02 2.60056E-04 6.50379E-02
 6.39288E-05 6.50584E-02 6.61858E-05 6.51198E-02 7.31088E-05
 4.71892E-01 2.03110E-03 4.65700E+03 0.00000E+00
 6.45035E-02 6.45035E-02 6.63943E-02 4.91063E-01 4.91063E-01
 6.43594E-02 2.57547E-04 6.43594E-02 2.57547E-04 6.50510E-02
 6.46406E-05 6.50699E-02 6.71088E-05 6.51319E-02 7.30686E-05
 4.71979E-01 2.03854E-03 5.04900E+03 0.00000E+00
 6.52426E-02 6.52426E-02 6.49717E-02 4.71904E-01 4.71904E-01
 6.43678E-02 2.55221E-04 6.43678E-02 2.55221E-04 6.50502E-02
 6.40264E-05 6.50688E-02 6.64271E-05 6.51177E-02 7.27386E-05
 4.71985E-01 2.02859E-03 5.16600E+03 0.00000E+00
 6.50100E-02 6.50100E-02 6.42473E-02 4.54767E-01 4.54767E-01
 6.43738E-02 2.52875E-04 6.43738E-02 2.52875E-04 6.50426E-02
 6.38703E-05 6.50596E-02 6.62326E-05 6.51192E-02 7.34917E-05
 4.71878E-01 2.03750E-03 5.07800E+03 0.00000E+00
 6.68300E-02 6.68300E-02 6.48373E-02 4.81006E-01 4.81006E-01
 6.43968E-02 2.51550E-04 6.43968E-02 2.51550E-04 6.50407E-02
 6.32996E-05 6.50563E-02 6.54905E-05 6.51281E-02 7.36645E-05
 4.71929E-01 2.02944E-03 4.98300E+03 0.00000E+00
 6.42985E-02 6.42985E-02 6.47312E-02 5.08382E-01 5.08382E-01
 6.43959E-02 2.49211E-04 6.43959E-02 2.49211E-04 6.50378E-02
 6.27762E-05 6.50533E-02 6.49556E-05 6.51308E-02 7.43431E-05
 4.72456E-01 2.08136E-03 5.14300E+03 0.00000E+00
 6.49637E-02 6.49637E-02 6.47133E-02 4.45754E-01 4.45754E-01
 6.44011E-02 2.46969E-04 6.44011E-02 2.46969E-04 6.50349E-02
 6.22688E-05 6.50499E-02 6.44018E-05 6.51353E-02 7.50460E-05
 4.72039E-01 2.10100E-03 4.80600E+03 0.00000E+00
 6.48009E-02 6.48009E-02 6.40794E-02 4.74278E-01 4.74278E-01
 6.44047E-02 2.44741E-04 6.44047E-02 2.44741E-04 6.50262E-02
 6.23085E-05 6.50396E-02 6.44195E-05 6.51399E-02 7.57295E-05
 4.72062E-01 2.08184E-03 5.06000E+03 0.00000E+00
 6.38252E-02 6.38252E-02 6.47242E-02 4.48151E-01 4.48151E-01
 6.43995E-02 2.42582E-04 6.43995E-02 2.42582E-04 6.50235E-02
 6.18045E-05 6.50370E-02 6.39275E-05 6.51514E-02 7.56206E-05
 4.72137E-01 2.10618E-03 4.99600E+03 0.00000E+00
 6.66744E-02 6.66744E-02 6.52974E-02 4.74708E-01 4.74708E-01
 6.44198E-02 2.41263E-04 6.44198E-02 2.41263E-04 6.50259E-02
 6.12990E-05 6.50395E-02 6.32800E-05 6.51566E-02 7.63538E-05
 4.72144E-01 2.09589E-03 4.90400E+03 0.00000E+00
 6.53025E-02 6.53025E-02 6.49113E-02 4.63292E-01 4.63292E-01
 6.44276E-02 2.39246E-04 6.44276E-02 2.39246E-04 6.50249E-02
 6.07626E-05 6.50382E-02 6.26868E-05 6.51548E-02 7.71634E-05
 4.72009E-01 2.08147E-03 5.22400E+03 0.00000E+00
 6.49746E-02 6.49746E-02 6.52882E-02 4.56920E-01 4.56920E-01
 6.44324E-02 2.37187E-04 6.44324E-02 2.37187E-04 6.50272E-02
 6.02715E-05 6.50405E-02 6.21764E-05 6.51576E-02 7.80007E-05
 4.72081E-01 2.08508E-03 4.89900E+03 0.00000E+00
 6.14381E-02 6.14381E-02 6.43356E-02 4.64857E-01 4.64857E-01
 6.44064E-02 2.36552E-04 6.44064E-02 2.36552E-04 6.50212E-02
 6.00471E-05 6.50363E-02 6.20228E-05 6.51561E-02 7.89215E-05
 4.71970E-01 2.06902E-03 4.96200E+03 0.00000E+00
 6.47456E-02 6.47456E-02 6.37924E-02 4.90544E-01 4.90544E-01
 6.44093E-02 2.34523E-04 6.44093E-02 2.34523E-04 6.50106E-02
 6.04624E-05 6.50236E-02 6.24396E-05 6.51677E-02 7.93145E-05
 4.72207E-01 2.06825E-03 4.72500E+03 0.00000E+00
 6.63568E-02 6.63568E-02 6.55241E-02 4.74582E-01 4.74582E-01
 6.44260E-02 2.33105E-04 6.44260E-02 2.33105E-04 6.50150E-02
 6.01038E-05 6.50283E-02 6.19828E-05 6.51834E-02 7.85020E-05
 4.72195E-01 2.04132E-03 5.27700E+03 0.00000E+00
 6.75169E-02 6.75169E-02 6.55643E-02 4.64994E-01 4.64994E-01
 6.44522E-02 2.32600E-04 6.44522E-02 2.32600E-04 6.50196E-02
 5.97739E-05 6.50335E-02 6.14722E-05 6.51792E-02 7.93092E-05
 4.72235E-01 2.03477E-03 5.10600E+03 0.00000E+00
 6.97051E-02 6.97051E-02 6.59813E-02 4.70221E-01 4.70221E-01
 6.44963E-02 2.34824E-04 6.44963E-02 2.34824E-04 6.50277E-02
 5.98178E-05 6.50436E-02 6.11593E-05 6.51745E-02 8.00440E-05
 4.72202E-01 2.01690E-03 5.10300E+03 0.00000E+00
 6.58995E-02 6.58995E-02 6.49058E-02 4.72488E-01 4.72488E-01
 6.45080E-02 2.33152E-04 6.45080E-02 2.33152E-04 6.50267E-02
 5.93260E-05 6.50420E-02 6.06018E-05 6.51651E-02 8.01416E-05
 4.72205E-01 2.00777E-03 5.18100E+03 0.00000E+00
 6.67346E-02 6.67346E-02 6.45341E-02 4.64992E-01 4.64992E-01
 6.45264E-02 2.31948E-04 6.45264E-02 2.31948E-04 6.50226E-02
 5.89743E-05 6.50361E-02 6.01731E-05 6.51679E-02 8.10697E-05
 4.72214E-01 2.00228E-03 4.75000E+03 0.00000E+00
 6.81530E-02 6.81530E-02 6.39638E-02 4.59856E-01 4.59856E-01
 6.45561E-02 2.31952E-04 6.45561E-02 2.31952E-04 6.50140E-02
 5.91292E-05 6.50229E-02 6.02685E-05 6.51749E-02 8.16934E-05
 4.72022E-01 1.99072E-03 5.05200E+03 0.00000E+00
 6.46722E-02 6.46722E-02 6.41663E-02 4.53062E-01 4.53062E-01
 6.45571E-02 2.30060E-04 6.45571E-02 2.30060E-04 6.50071E-02
 5.90501E-05 6.50153E-02 6.01775E-05 6.51879E-02 8.12882E-05
 4.71609E-01 1.97684E-03 5.12500E+03 0.00000E+00
 6.54998E-02 6.54998E-02 6.53006E-02 4.79954E-01 4.79954E-01
 6.45647E-02 2.28324E-04 6.45647E-02 2.28324E-04 6.50094E-02
 5.86197E-05 6.50177E-02 5.97174E-05 6.52010E-02 8.12384E-05
 4.71714E-01 1.96337E-03 4.75900E+03 0.00000E+00
 6.77710E-02 6.77710E-02 6.50793E-02 4.76605E-01 4.76605E-01
 6.45903E-02 2.27938E-04 6.45903E-02 2.27938E-04 6.50100E-02
 5.81516E-05 6.50178E-02 5.91234E-05 6.51997E-02 8.23074E-05
 4.71734E-01 1.95494E-03 5.08800E+03 0.00000E+00
 6.00605E-02 6.00605E-02 6.47306E-02 4.57855E-01 4.57855E-01
 6.45544E-02 2.28962E-04 6.45544E-02 2.28962E-04 6.50078E-02
 5.77308E-05 6.50167E-02 5.88000E-05 6.52008E-02 8.33583E-05
 4.71551E-01 1.94868E-03 5.17900E+03 0.00000E+00
 6.59907E-02 6.59907E-02 6.57522E-02 5.13337E-01 5.13337E-01
 6.45657E-02 2.27433E-04 6.45657E-02 2.27433E-04 6.50136E-02
 5.75736E-05 6.50228E-02 5.86119E-05 6.52088E-02 8.42980E-05
 4.72006E-01 2.00779E-03 4.44200E+03 0.00000E+00
 6.43096E-02 6.43096E-02 6.43087E-02 4.63804E-01 4.63804E-01
 6.45637E-02 2.25658E-04 6.45637E-02 2.25658E-04 6.50081E-02
 5.73869E-05 6.50170E-02 5.84208E-05 6.52013E-02 8.51193E-05
 4.71950E-01 2.00133E-03 5.47400E+03 0.00000E+00
 6.69704E-02 6.69704E-02 6.57949E-02 4.62902E-01 4.62902E-01
 6.45823E-02 2.24678E-04 6.45823E-02 2.24678E-04 6.50142E-02
 5.72660E-05 6.50236E-02 5.82204E-05 6.52137E-02 8.53834E-05
 4.71829E-01 1.98945E-03 4.89300E+03 0.00000E+00
 6.47119E-02 6.47119E-02 6.48295E-02 4.58075E-01 4.58075E-01
 6.45833E-02 2.22945E-04 6.45833E-02 2.22945E-04 6.50128E-02
 5.68416E-05 6.50221E-02 5.77853E-05 6.52055E-02 8.61356E-05
 4.71546E-01 1.96871E-03 5.20800E+03 0.00000E+00
 6.57582E-02 6.57582E-02 6.58989E-02 4.60917E-01 4.60917E-01
 6.45923E-02 2.21418E-04 6.45923E-02 2.21418E-04 6.50196E-02
 5.68101E-05 6.50289E-02 5.77459E-05 6.52109E-02 8.72148E-05
 4.71666E-01 1.96303E-03 4.83500E+03 0.00000E+00
 6.30135E-02 6.30135E-02 6.51642E-02 4.72367E-01 4.72367E-01
 6.45803E-02 2.20060E-04 6.45803E-02 2.20060E-04 6.50207E-02
 5.63887E-05 6.50301E-02 5.73809E-05 6.52009E-02 8.79178E-05
 4.71670E-01 1.94726E-03 5.08100E+03 0.00000E+00
 6.24636E-02 6.24636E-02 6.37714E-02 4.75991E-01 4.75991E-01
 6.45644E-02 2.18978E-04 6.45644E-02 2.18978E-04 6.50113E-02
 5.67460E-05 6.50215E-02 5.77583E-05 6.52021E-02 8.93035E-05
 4.71756E-01 1.92108E-03 4.79100E+03 0.00000E+00
 6.52005E-02 6.52005E-02 6.47484E-02 4.64532E-01 4.64532E-01
 6.45692E-02 2.17390E-04 6.45692E-02 2.17390E-04 6.50093E-02
 5.63551E-05 6.50192E-02 5.73416E-05 6.52249E-02 8.79227E-05
 4.71658E-01 1.90778E-03 4.97600E+03 0.00000E+00
 6.52414E-02 6.52414E-02 6.64465E-02 4.61787E-01 4.61787E-01
 6.45742E-02 2.15831E-04 6.45742E-02 2.15831E-04 6.50200E-02
 5.69401E-05 6.50294E-02 5.79977E-05 6.52319E-02 8.89663E-05
 4.71533E-01 1.89751E-03 5.22100E+03 0.00000E+00
 6.65674E-02 6.65674E-02 6.50192E-02 4.99577E-01 4.99577E-01
 6.45888E-02 2.14739E-04 6.45888E-02 2.14739E-04 6.50199E-02
 5.65199E-05 6.50290E-02 5.75067E-05 6.52127E-02 8.84388E-05
 4.72073E-01 1.90151E-03 4.99600E+03 0.00000E+00
 6.34592E-02 6.34592E-02 6.54679E-02 4.59422E-01 4.59422E-01
 6.45806E-02 2.13325E-04 6.45806E-02 2.13325E-04 6.50232E-02
 5.62010E-05 6.50321E-02 5.72499E-05 6.52152E-02 8.97411E-05
 4.71834E-01 1.88231E-03 5.09100E+03 0.00000E+00
 6.56982E-02 6.56982E-02 6.31854E-02 4.75234E-01 4.75234E-01
 6.45887E-02 2.11928E-04 6.45887E-02 2.11928E-04 6.50099E-02
 5.73597E-05 6.50153E-02 5.84229E-05 6.52115E-02 9.12251E-05
 4.71843E-01 1.87517E-03 4.77700E+03 0.00000E+00
 6.21784E-02 6.21784E-02 6.45257E-02 4.66718E-01 4.66718E-01
 6.45713E-02 2.11111E-04 6.45713E-02 2.11111E-04 6.50064E-02
 5.70520E-05 6.50125E-02 5.81593E-05 6.52412E-02 8.65071E-05
 4.71818E-01 1.86861E-03 5.17700E+03 0.00000E+00
 6.36835E-02 6.36835E-02 6.57790E-02 4.85338E-01 4.85338E-01
 6.45650E-02 2.09694E-04 6.45650E-02 2.09694E-04 6.50119E-02
 5.69112E-05 6.50174E-02 5.80870E-05 6.52544E-02 8.71851E-05
 4.71966E-01 1.86185E-03 4.73100E+03 0.00000E+00
 6.86553E-02 6.86553E-02 6.58373E-02 4.88087E-01 4.88087E-01
 6.45940E-02 2.10213E-04 6.45940E-02 2.10213E-04 6.50178E-02
 5.68085E-05 6.50243E-02 5.78405E-05 6.52452E-02 8.83721E-05
 4.72020E-01 1.86321E-03 5.12900E+03 0.00000E+00
 6.44415E-02 6.44415E-02 6.58761E-02 4.81852E-01 4.81852E-01
 6.45929E-02 2.08730E-04 6.45929E-02 2.08730E-04 6.50238E-02
 5.67300E-05 6.50300E-02 5.78077E-05 6.52357E-02 8.90898E-05
 4.72126E-01 1.85348E-03 5.40000E+03 0.00000E+00
 6.77614E-02 6.77614E-02 6.57984E-02 4.84031E-01 4.84031E-01
 6.46151E-02 2.08446E-04 6.46151E-02 2.08446E-04 6.50292E-02
 5.65917E-05 6.50361E-02 5.75698E-05 6.52242E-02 9.00633E-05
 4.72246E-01 1.84623E-03 4.68300E+03 0.00000E+00
 6.24642E-02 6.24642E-02 6.48230E-02 4.73716E-01 4.73716E-01
 6.46001E-02 2.07532E-04 6.46001E-02 2.07532E-04 6.50278E-02
 5.62156E-05 6.50351E-02 5.72394E-05 6.52144E-02 9.09314E-05
 4.72273E-01 1.82301E-03 5.26000E+03 0.00000E+00
 6.24978E-02 6.24978E-02 6.60100E-02 4.78688E-01 4.78688E-01
 6.45856E-02 2.06605E-04 6.45856E-02 2.06605E-04 6.50346E-02
 5.62360E-05 6.50404E-02 5.73890E-05 6.52228E-02 9.24159E-05
 4.72319E-01 1.81499E-03 4.61800E+03 0.00000E+00
 6.06342E-02 6.06342E-02 6.48293E-02 4.68106E-01 4.68106E-01
 6.45586E-02 2.06962E-04 6.45586E-02 2.06962E-04 6.50332E-02
 5.58672E-05 6.50397E-02 5.71095E-05 6.52068E-02 9.33799E-05
 4.72272E-01 1.80396E-03 5.00900E+03 0.00000E+00
 6.58490E-02 6.58490E-02 6.48268E-02 4.74188E-01 4.74188E-01
 6.45673E-02 2.05737E-04 6.45673E-02 2.05737E-04 6.50318E-02
 5.55036E-05 6.50380E-02 5.66981E-05 6.52167E-02 9.52951E-05
 4.72295E-01 1.78946E-03 4.84900E+03 0.00000E+00
 6.22805E-02 6.22805E-02 6.46220E-02 4.92947E-01 4.92947E-01
 6.45519E-02 2.04925E-04 6.45519E-02 2.04925E-04 6.50290E-02
 5.51968E-05 6.50358E-02 5.64356E-05 6.52235E-02 9.67555E-05
 4.72656E-01 1.78180E-03 5.42400E+03 0.00000E+00
 6.18951E-02 6.18951E-02 6.49150E-02 4.85440E-01 4.85440E-01
 6.45341E-02 2.04325E-04 6.45341E-02 2.04325E-04 6.50282E-02
 5.48304E-05 6.50354E-02 5.61357E-05 6.52381E-02 9.81632E-05
 4.72578E-01 1.77866E-03 4.71800E+03 0.00000E+00
 6.57870E-02 6.57870E-02 6.55205E-02 4.67990E-01 4.67990E-01
 6.45424E-02 2.03130E-04 6.45424E-02 2.03130E-04 6.50315E-02
 5.45624E-05 6.50388E-02 5.58388E-05 6.52476E-02 1.00354E-04
 4.72595E-01 1.77301E-03 4.94200E+03 0.00000E+00
 6.72723E-02 6.72723E-02 6.62840E-02 4.87242E-01 4.87242E-01
 6.45605E-02 2.02588E-04 6.45605E-02 2.02588E-04 6.50398E-02
 5.48309E-05 6.50480E-02 5.60485E-05 6.52419E-02 1.02238E-04
 4.72598E-01 1.77364E-03 5.31200E+03 0.00000E+00
 6.61009E-02 6.61009E-02 6.53860E-02 4.93177E-01 4.93177E-01
 6.45706E-02 2.01506E-04 6.45706E-02 2.01506E-04 6.50421E-02
 5.45165E-05 6.50504E-02 5.56895E-05 6.52209E-02 1.01719E-04
 4.72493E-01 1.77881E-03 5.10100E+03 0.00000E+00
 6.47079E-02 6.47079E-02 6.39782E-02 4.72735E-01 4.72735E-01
 6.45715E-02 2.00187E-04 6.45715E-02 2.00187E-04 6.50351E-02
 5.46036E-05 6.50425E-02 5.57655E-05 6.52172E-02 1.03740E-04
 4.72491E-01 1.77257E-03 4.92500E+03 0.00000E+00
 6.85152E-02 6.85152E-02 6.42246E-02 4.51128E-01 4.51128E-01
 6.45971E-02 2.00524E-04 6.45971E-02 2.00524E-04 6.50299E-02
 5.45026E-05 6.50347E-02 5.55506E-05 6.52429E-02 1.02313E-04
 4.72125E-01 1.76590E-03 4.87900E+03 0.00000E+00
 6.62500E-02 6.62500E-02 6.49887E-02 4.55801E-01 4.55801E-01
 6.46078E-02 1.99512E-04 6.46078E-02 1.99512E-04 6.50296E-02
 5.41505E-05 6.50342E-02 5.51493E-05 6.52581E-02 1.01801E-04
 4.72034E-01 1.76808E-03 5.29800E+03 0.00000E+00
 6.80033E-02 6.80033E-02 6.50058E-02 4.74274E-01 4.74274E-01
 6.46296E-02 1.99420E-04 6.46296E-02 1.99420E-04 6.50295E-02
 5.38024E-05 6.50338E-02 5.47035E-05 6.52635E-02 1.03805E-04
 4.72032E-01 1.76088E-03 4.83600E+03 0.00000E+00
 6.37731E-02 6.37731E-02 6.53972E-02 4.57798E-01 4.57798E-01
 6.46241E-02 1.98221E-04 6.46241E-02 1.98221E-04 6.50318E-02
 5.35099E-05 6.50360E-02 5.44421E-05 6.52679E-02 1.05738E-04
 4.72287E-01 1.75101E-03 5.10600E+03 0.00000E+00
 6.73191E-02 6.73191E-02 6.52794E-02 4.59081E-01 4.59081E-01
 6.46412E-02 1.97700E-04 6.46412E-02 1.97700E-04 6.50334E-02
 5.31933E-05 6.50376E-02 5.40555E-05 6.52649E-02 1.08487E-04
 4.72161E-01 1.74646E-03 4.66800E+03 0.00000E+00
 6.57273E-02 6.57273E-02 6.52213E-02 5.02801E-01 5.02801E-01
 6.46480E-02 1.96571E-04 6.46480E-02 1.96571E-04 6.50346E-02
 5.28709E-05 6.50388E-02 5.37085E-05 6.52642E-02 1.10881E-04
 4.72666E-01 1.75432E-03 5.29000E+03 0.00000E+00
 5.90081E-02 5.90081E-02 6.51013E-02 4.65896E-01 4.65896E-01
 6.46128E-02 1.98493E-04 6.46128E-02 1.98493E-04 6.50350E-02
 5.25410E-05 6.50393E-02 5.34875E-05 6.52651E-02 1.13609E-04
 4.72647E-01 1.74985E-03 4.88400E+03 0.00000E+00
 6.50295E-02 6.50295E-02 6.55949E-02 4.76068E-01 4.76068E-01
 6.46153E-02 1.97274E-04 6.46153E-02 1.97274E-04 6.50384E-02
 5.23294E-05 6.50427E-02 5.32802E-05 6.52734E-02 1.17795E-04
 4.72654E-01 1.74440E-03 4.48400E+03 0.00000E+00
 6.66194E-02 6.66194E-02 6.56392E-02 4.91281E-01 4.91281E-01
 6.46277E-02 1.96442E-04 6.46277E-02 1.96442E-04 6.50422E-02
 5.21374E-05 6.50467E-02 5.30475E-05 6.52646E-02 1.20810E-04
 4.72426E-01 1.73928E-03 5.52000E+03 0.00000E+00
 6.42300E-02 6.42300E-02 6.51749E-02 4.60550E-01 4.60550E-01
 6.46253E-02 1.95248E-04 6.46253E-02 1.95248E-04 6.50430E-02
 5.18229E-05 6.50475E-02 5.27441E-05 6.52547E-02 1.23434E-04
 4.72514E-01 1.73631E-03 5.11500E+03 0.00000E+00
 6.34780E-02 6.34780E-02 6.51049E-02 4.75991E-01 4.75991E-01
 6.46183E-02 1.94180E-04 6.46183E-02 1.94180E-04 6.50433E-02
 5.15074E-05 6.50479E-02 5.24544E-05 6.52575E-02 1.27194E-04
 4.72546E-01 1.72586E-03 4.83300E+03 0.00000E+00
 6.38739E-02 6.38739E-02 6.56605E-02 4.65914E-01 4.65914E-01
 6.46138E-02 1.93053E-04 6.46138E-02 1.93053E-04 6.50471E-02
 5.13307E-05 6.50514E-02 5.23156E-05 6.52634E-02 1.31378E-04
 4.72441E-01 1.70807E-03 4.91300E+03 0.00000E+00
 6.93537E-02 6.93537E-02 6.38458E-02 4.57365E-01 4.57365E-01
 6.46423E-02 1.93999E-04 6.46423E-02 1.93999E-04 6.50399E-02
 5.15312E-05 6.50407E-02 5.23923E-05 6.52501E-02 1.35590E-04
 4.72282E-01 1.70363E-03 5.03800E+03 0.00000E+00
 6.59782E-02 6.59782E-02 6.64258E-02 4.76581E-01 4.76581E-01
 6.46503E-02 1.93000E-04 6.46503E-02 1.93000E-04 6.50482E-02
 5.18896E-05 6.50490E-02 5.27612E-05 6.52727E-02 1.30935E-04
 4.72321E-01 1.69386E-03 5.41200E+03 0.00000E+00
 6.50662E-02 6.50662E-02 6.58963E-02 4.80686E-01 4.80686E-01
 6.46528E-02 1.91863E-04 6.46528E-02 1.91863E-04 6.50532E-02
 5.18263E-05 6.50539E-02 5.27098E-05 6.52341E-02 1.29869E-04
 4.72355E-01 1.68939E-03 4.75700E+03 0.00000E+00
 6.47716E-02 6.47716E-02 6.52113E-02 4.61376E-01 4.61376E-01
 6.46535E-02 1.90726E-04 6.46535E-02 1.90726E-04 6.50541E-02
 5.15272E-05 6.50548E-02 5.24098E-05 6.52098E-02 1.32517E-04
 4.72280E-01 1.68561E-03 4.93000E+03 0.00000E+00
 6.51331E-02 6.51331E-02 6.58689E-02 4.59236E-01 4.59236E-01
 6.46563E-02 1.89622E-04 6.46563E-02 1.89622E-04 6.50589E-02
 5.14469E-05 6.50595E-02 5.23388E-05 6.52093E-02 1.37274E-04
 4.72220E-01 1.68461E-03 4.96800E+03 0.00000E+00
 7.20616E-02 7.20616E-02 6.49525E-02 4.79818E-01 4.79818E-01
 6.46996E-02 1.93420E-04 6.46996E-02 1.93420E-04 6.50583E-02
 5.11490E-05 6.50585E-02 5.18554E-05 6.51833E-02 1.40358E-04
 4.72177E-01 1.67834E-03 5.02700E+03 0.00000E+00
 6.37753E-02 6.37753E-02 6.49859E-02 4.86154E-01 4.86154E-01
 6.46942E-02 1.92367E-04 6.46942E-02 1.92367E-04 6.50579E-02
 5.08525E-05 6.50581E-02 5.15721E-05 6.51900E-02 1.42153E-04
 4.72313E-01 1.67308E-03 5.53300E+03 0.00000E+00
 6.74947E-02 6.74947E-02 6.54744E-02 4.89655E-01 4.89655E-01
 6.47104E-02 1.91936E-04 6.47104E-02 1.91936E-04 6.50603E-02
 5.06150E-05 6.50608E-02 5.12878E-05 6.51963E-02 1.48036E-04
 4.72217E-01 1.67325E-03 4.42900E+03 0.00000E+00
 7.23329E-02 7.23329E-02 6.54518E-02 4.64996E-01 4.64996E-01
 6.47542E-02 1.95793E-04 6.47542E-02 1.95793E-04 6.50625E-02
 5.03735E-05 6.50638E-02 5.09032E-05 6.51901E-02 1.52786E-04
 4.72178E-01 1.66874E-03 5.28300E+03 0.00000E+00
 6.51433E-02 6.51433E-02 6.50298E-02 4.61864E-01 4.61864E-01
 6.47565E-02 1.94684E-04 6.47565E-02 1.94684E-04 6.50624E-02
 5.00852E-05 6.50636E-02 5.06071E-05 6.51907E-02 1.56757E-04
 4.72139E-01 1.66655E-03 5.34900E+03 0.00000E+00
 6.63703E-02 6.63703E-02 6.46181E-02 4.90714E-01 4.90714E-01
 6.47656E-02 1.93791E-04 6.47656E-02 1.93791E-04 6.50598E-02
 4.98637E-05 6.50608E-02 5.03569E-05 6.51974E-02 1.63168E-04
 4.72420E-01 1.65806E-03 4.49300E+03 0.00000E+00
 6.79208E-02 6.79208E-02 6.54301E-02 4.55469E-01 4.55469E-01
 6.47835E-02 1.93516E-04 6.47835E-02 1.93516E-04 6.50619E-02
 4.96253E-05 6.50631E-02 5.00759E-05 6.52227E-02 1.67138E-04
 4.72323E-01 1.65951E-03 5.08800E+03 0.00000E+00
 5.92824E-02 5.92824E-02 6.40880E-02 4.55181E-01 4.55181E-01
 6.47526E-02 1.94892E-04 6.47526E-02 1.94892E-04 6.50565E-02
 4.96482E-05 6.50589E-02 5.01363E-05 6.52193E-02 1.74031E-04
 4.72068E-01 1.64986E-03 5.09700E+03 0.00000E+00
 6.35560E-02 6.35560E-02 6.60554E-02 4.66510E-01 4.66510E-01
 6.47459E-02 1.93915E-04 6.47459E-02 1.93915E-04 6.50620E-02
 4.96845E-05 6.50639E-02 5.02132E-05 6.52778E-02 1.78117E-04
 4.72017E-01 1.64215E-03 4.36200E+03 0.00000E+00
 6.99253E-02 6.99253E-02 6.65738E-02 4.79682E-01 4.79682E-01
 6.47746E-02 1.94970E-04 6.47746E-02 1.94970E-04 6.50704E-02
 5.01164E-05 6.50736E-02 5.05679E-05 6.52270E-02 1.84486E-04
 4.72046E-01 1.63780E-03 5.35400E+03 0.00000E+00
 6.95669E-02 6.95669E-02 6.49852E-02 4.76151E-01 4.76151E-01
 6.48011E-02 1.95689E-04 6.48011E-02 1.95689E-04 6.50700E-02
 4.98410E-05 6.50727E-02 5.02277E-05 6.51804E-02 1.78055E-04
 4.72016E-01 1.60789E-03 5.52300E+03 0.00000E+00
 6.59721E-02 6.59721E-02 6.57423E-02 4.61428E-01 4.61428E-01
 6.48076E-02 1.94717E-04 6.48076E-02 1.94717E-04 6.50737E-02
 4.97039E-05 6.50765E-02 5.00825E-05 6.51871E-02 1.85249E-04
 4.72174E-01 1.59837E-03 4.96100E+03 0.00000E+00
 6.40523E-02 6.40523E-02 6.41474E-02 4.50803E-01 4.50803E-01
 6.48034E-02 1.93694E-04 6.48034E-02 1.93694E-04 6.50686E-02
 4.96900E-05 6.50714E-02 5.00687E-05 6.51563E-02 1.93193E-04
 4.71875E-01 1.59372E-03 4.73500E+03 0.00000E+00
 6.61878E-02 6.61878E-02 6.52000E-02 4.87677E-01 4.87677E-01
 6.48110E-02 1.92786E-04 6.48110E-02 1.92786E-04 6.50693E-02
 4.94244E-05 6.50720E-02 4.97863E-05 6.52166E-02 1.94740E-04
 4.71914E-01 1.59427E-03 4.86000E+03 0.00000E+00
 6.80498E-02 6.80498E-02 6.52426E-02 4.66853E-01 4.66853E-01
 6.48285E-02 1.92538E-04 6.48285E-02 1.92538E-04 6.50702E-02
 4.91654E-05 6.50729E-02 4.94884E-05 6.52174E-02 2.07322E-04
 4.71893E-01 1.59005E-03 5.16800E+03 0.00000E+00
 6.79465E-02 6.79465E-02 6.68523E-02 4.67098E-01 4.67098E-01
 6.48452E-02 1.92233E-04 6.48452E-02 1.92233E-04 6.50798E-02
 4.98301E-05 6.50829E-02 5.01289E-05 6.52153E-02 2.21477E-04
 4.72016E-01 1.57031E-03 5.14200E+03 0.00000E+00
 6.17966E-02 6.17966E-02 6.54677E-02 4.72473E-01 4.72473E-01
 6.48289E-02 1.91896E-04 6.48289E-02 1.91896E-04 6.50819E-02
 4.96063E-05 6.50849E-02 4.99477E-05 6.50962E-02 1.98745E-04
 4.72015E-01 1.56530E-03 5.00700E+03 0.00000E+00
 6.47425E-02 6.47425E-02 6.57695E-02 4.85887E-01 4.85887E-01
 6.48285E-02 1.90873E-04 6.48285E-02 1.90873E-04 6.50856E-02
 4.94771E-05 6.50884E-02 4.98302E-05 6.50726E-02 2.14828E-04
 4.72042E-01 1.56485E-03 4.54400E+03 0.00000E+00
 6.69016E-02 6.69016E-02 6.62407E-02 4.62148E-01 4.62148E-01
 6.48394E-02 1.90177E-04 6.48394E-02 1.90177E-04 6.50917E-02
 4.95927E-05 6.50947E-02 4.99308E-05 6.50106E-02 2.26166E-04
 4.72047E-01 1.56341E-03 5.26500E+03 0.00000E+00
 5.93373E-02 5.93373E-02 6.47678E-02 4.85524E-01 4.85524E-01
 6.48105E-02 1.91377E-04 6.48105E-02 1.91377E-04 6.50900E-02
 4.93604E-05 6.50937E-02 4.97378E-05 6.49013E-02 2.11612E-04
 4.72085E-01 1.56252E-03 5.15200E+03 0.00000E+00
 6.63171E-02 6.63171E-02 6.39913E-02 4.80841E-01 4.80841E-01
 6.48184E-02 1.90536E-04 6.48184E-02 1.90536E-04 6.50842E-02
 4.94371E-05 6.50871E-02 4.98055E-05 6.49600E-02 2.69585E-04
 4.72095E-01 1.55972E-03 4.42500E+03 0.00000E+00
 6.91115E-02 6.91115E-02 6.54821E-02 4.78181E-01 4.78181E-01
 6.48407E-02 1.90855E-04 6.48407E-02 1.90855E-04 6.50863E-02
 4.92226E-05 6.50892E-02 4.95374E-05 6.50000E-02 2.58182E-04
 4.72148E-01 1.55162E-03 5.58900E+03 0.00000E+00
 6.55812E-02 6.55812E-02 6.57312E-02 4.68398E-01 4.68398E-01
 6.48446E-02 1.89902E-04 6.48446E-02 1.89902E-04 6.50896E-02
 4.90807E-05 6.50926E-02 4.93941E-05 6.50028E-02 2.61825E-04
 4.72128E-01 1.54680E-03 5.18800E+03 0.00000E+00
 6.55835E-02 6.55835E-02 6.45553E-02 4.51289E-01 4.51289E-01
 6.48484E-02 1.88959E-04 6.48484E-02 1.88959E-04 6.50869E-02
 4.89047E-05 6.50896E-02 4.92095E-05 6.48833E-02 2.78832E-04
 4.72235E-01 1.55235E-03 4.71700E+03 0.00000E+00
 6.53183E-02 6.53183E-02 6.48987E-02 4.82541E-01 4.82541E-01
 6.48508E-02 1.88003E-04 6.48508E-02 1.88003E-04 6.50859E-02
 4.86629E-05 6.50886E-02 4.89611E-05 6.49148E-02 3.21672E-04
 4.72266E-01 1.54993E-03 4.99700E+03 0.00000E+00
 6.44797E-02 6.44797E-02 6.42954E-02 4.74970E-01 4.74970E-01
 6.48489E-02 1.87051E-04 6.48489E-02 1.87051E-04 6.50819E-02
 4.85816E-05 6.50844E-02 4.88782E-05 6.49120E-02 4.02853E-04
 4.72274E-01 1.54544E-03 4.96900E+03 0.00000E+00
 6.48179E-02 6.48179E-02 6.60104E-02 4.68996E-01 4.68996E-01
 6.48487E-02 1.86099E-04 6.48487E-02 1.86099E-04 6.50866E-02
 4.85637E-05 6.50890E-02 4.88748E-05 6.50642E-02 4.94110E-04
 4.72262E-01 1.54125E-03 4.90400E+03 0.00000E+00
 6.33020E-02 6.33020E-02 6.42497E-02 4.79846E-01 4.79846E-01
 6.48409E-02 1.85322E-04 6.48409E-02 1.85322E-04 6.50824E-02
 4.85023E-05 6.50850E-02 4.88172E-05 0.00000E+00 0.00000E+00
 4.72324E-01 1.53440E-03 5.02000E+03 0.00000E+00
 6.59788E-02 6.59788E-02 6.45404E-02 4.52362E-01 4.52362E-01
 6.48466E-02 1.84477E-04 6.48466E-02 1.84477E-04 6.50796E-02
 4.83347E-05 6.50820E-02 4.86380E-05 0.00000E+00 0.00000E+00
 4.72148E-01 1.53504E-03 4.88600E+03 0.00000E+00
 6.70844E-02 6.70844E-02 6.53770E-02 4.64637E-01 4.64637E-01
 6.48578E-02 1.83893E-04 6.48578E-02 1.83893E-04 6.50811E-02
 4.81154E-05 6.50835E-02 4.83969E-05 0.00000E+00 0.00000E+00
 4.72122E-01 1.53194E-03 5.20700E+03 0.00000E+00
